
val(:,:,1) =

    0.0935    0.0936    0.0936    0.0936    0.0936
    0.2728    0.2730    0.2763    0.2811    0.2865
    0.2452    0.2480    0.2554    0.2644    0.2744
    0.2037    0.2072    0.2173    0.2293    0.2428
    0.1710    0.1761    0.1878    0.2004    0.2160


val(:,:,2) =

    0.0935    0.0936    0.0936    0.0936    0.0936
    0.2728    0.2730    0.2763    0.2811    0.2865
    0.2452    0.2480    0.2554    0.2643    0.2744
    0.2037    0.2072    0.2173    0.2293    0.2428
    0.1710    0.1760    0.1878    0.2004    0.2160


val(:,:,3) =

    0.0935    0.0936    0.0936    0.0936    0.0936
    0.2728    0.2730    0.2763    0.2811    0.2866
    0.2452    0.2480    0.2554    0.2643    0.2744
    0.2037    0.2072    0.2173    0.2293    0.2428
    0.1710    0.1760    0.1878    0.2004    0.2160


val(:,:,4) =

    0.0935    0.0936    0.0936    0.0936    0.0936
    0.2728    0.2730    0.2763    0.2811    0.2866
    0.2452    0.2480    0.2554    0.2643    0.2744
    0.2037    0.2072    0.2173    0.2293    0.2428
    0.1710    0.1760    0.1878    0.2004    0.2160


val(:,:,5) =

    0.0935    0.0936    0.0936    0.0936    0.0936
    0.2728    0.2730    0.2763    0.2811    0.2866
    0.2452    0.2479    0.2554    0.2643    0.2744
    0.2037    0.2072    0.2173    0.2293    0.2428
    0.1710    0.1760    0.1878    0.2004    0.2160
